[[0,0,0,0,0,0,0,0,0,0],[0,0,0,0,0,0,0,0,0,0],[0,0,0,0,0,0,0,0,0,0],[0,0,0,0,0,0,0,0,0,0],[0,0,0,0,0,0,0,0,0,0],[0,0,0,0,0,0,0,0,0,0],[0,0,0,0,0,0,0,0,0,0],[0,0,0,0,0,0,0,0,0,0],[0,0,0,0,0,0,0,0,0,0],[0,0,0,0,0,0,0,0,0,0]]
[[0,W,0,0,0,0,W,T,0,0],[N,W,0,0,0,0,W,W,W,0],[0,W,0,0,0,0,0,A,0,0],[0,W,0,0,0,0,0,0,0,0],[0,W,0,0,0,0,0,0,0,0],[0,W,0,0,0,0,0,0,0,0],[0,0,0,0,0,0,0,0,0,0],[0,0,0,0,0,0,0,0,0,0],[0,0,0,0,0,0,0,0,0,0],[0,0,0,0,0,0,0,0,0,0]]
[[0,W,0,0,0,0,W,T,0,0],[0,W,0,0,0,0,W,W,W,0],[N,W,0,0,0,0,A,0,0,0],[0,W,0,0,0,0,0,0,0,0],[0,W,0,0,0,0,0,0,0,0],[0,W,0,0,0,0,0,0,0,0],[0,0,0,0,0,0,0,0,0,0],[0,0,0,0,0,0,0,0,0,0],[0,0,0,0,0,0,0,0,0,0],[0,0,0,0,0,0,0,0,0,0]]
[[0,W,0,0,0,0,W,T,0,0],[0,W,0,0,0,0,W,W,W,0],[0,W,0,0,0,A,0,0,0,0],[N,W,0,0,0,0,0,0,0,0],[0,W,0,0,0,0,0,0,0,0],[0,W,0,0,0,0,0,0,0,0],[0,0,0,0,0,0,0,0,0,0],[0,0,0,0,0,0,0,0,0,0],[0,0,0,0,0,0,0,0,0,0],[0,0,0,0,0,0,0,0,0,0]]
[[0,W,0,0,0,0,W,T,0,0],[0,W,0,0,0,0,W,W,W,0],[0,W,0,0,0,0,A,0,0,0],[0,W,0,0,0,0,0,0,0,0],[N,W,0,0,0,0,0,0,0,0],[0,W,0,0,0,0,0,0,0,0],[0,0,0,0,0,0,0,0,0,0],[0,0,0,0,0,0,0,0,0,0],[0,0,0,0,0,0,0,0,0,0],[0,0,0,0,0,0,0,0,0,0]]
[[0,W,0,0,0,0,W,T,0,0],[0,W,0,0,0,0,W,W,W,0],[0,W,0,0,0,0,0,A,0,0],[0,W,0,0,0,0,0,0,0,0],[0,W,0,0,0,0,0,0,0,0],[N,W,0,0,0,0,0,0,0,0],[0,0,0,0,0,0,0,0,0,0],[0,0,0,0,0,0,0,0,0,0],[0,0,0,0,0,0,0,0,0,0],[0,0,0,0,0,0,0,0,0,0]]
[[0,W,0,0,0,0,W,T,0,0],[0,W,0,0,0,0,W,W,W,0],[0,W,0,0,0,0,0,0,A,0],[0,W,0,0,0,0,0,0,0,0],[0,W,0,0,0,0,0,0,0,0],[0,W,0,0,0,0,0,0,0,0],[0,N,0,0,0,0,0,0,0,0],[0,0,0,0,0,0,0,0,0,0],[0,0,0,0,0,0,0,0,0,0],[0,0,0,0,0,0,0,0,0,0]]
[[0,W,0,0,0,0,W,T,0,0],[0,W,0,0,0,0,W,W,W,0],[0,W,0,0,0,0,0,A,0,0],[0,W,0,0,0,0,0,0,0,0],[0,W,0,0,0,0,0,0,0,0],[0,W,N,0,0,0,0,0,0,0],[0,0,0,0,0,0,0,0,0,0],[0,0,0,0,0,0,0,0,0,0],[0,0,0,0,0,0,0,0,0,0],[0,0,0,0,0,0,0,0,0,0]]
[[0,W,0,0,0,0,W,T,0,0],[0,W,0,0,0,0,W,W,W,0],[0,W,0,0,0,0,A,0,0,0],[0,W,0,0,0,0,0,0,0,0],[0,W,0,N,0,0,0,0,0,0],[0,W,0,0,0,0,0,0,0,0],[0,0,0,0,0,0,0,0,0,0],[0,0,0,0,0,0,0,0,0,0],[0,0,0,0,0,0,0,0,0,0],[0,0,0,0,0,0,0,0,0,0]]
[[0,W,0,0,0,0,W,T,0,0],[0,W,0,0,0,0,W,W,W,0],[0,W,0,0,0,A,0,0,0,0],[0,W,0,0,N,0,0,0,0,0],[0,W,0,0,0,0,0,0,0,0],[0,W,0,0,0,0,0,0,0,0],[0,0,0,0,0,0,0,0,0,0],[0,0,0,0,0,0,0,0,0,0],[0,0,0,0,0,0,0,0,0,0],[0,0,0,0,0,0,0,0,0,0]]
[[0,W,0,0,0,0,W,T,0,0],[0,W,0,0,0,0,W,W,W,0],[0,W,0,0,0,N,A,0,0,0],[0,W,0,0,0,0,0,0,0,0],[0,W,0,0,0,0,0,0,0,0],[0,W,0,0,0,0,0,0,0,0],[0,0,0,0,0,0,0,0,0,0],[0,0,0,0,0,0,0,0,0,0],[0,0,0,0,0,0,0,0,0,0],[0,0,0,0,0,0,0,0,0,0]]
[[0,W,0,0,0,0,W,T,0,0],[0,W,0,0,0,0,W,W,W,0],[0,W,0,0,0,0,N,A,0,0],[0,W,0,0,0,0,0,0,0,0],[0,W,0,0,0,0,0,0,0,0],[0,W,0,0,0,0,0,0,0,0],[0,0,0,0,0,0,0,0,0,0],[0,0,0,0,0,0,0,0,0,0],[0,0,0,0,0,0,0,0,0,0],[0,0,0,0,0,0,0,0,0,0]]
[[0,W,0,0,0,0,W,T,0,0],[0,W,0,0,0,0,W,W,W,0],[0,W,0,0,0,0,0,0,A,0],[0,W,0,0,0,0,0,N,0,0],[0,W,0,0,0,0,0,0,0,0],[0,W,0,0,0,0,0,0,0,0],[0,0,0,0,0,0,0,0,0,0],[0,0,0,0,0,0,0,0,0,0],[0,0,0,0,0,0,0,0,0,0],[0,0,0,0,0,0,0,0,0,0]]
[[0,W,0,0,0,0,W,T,0,0],[0,W,0,0,0,0,W,W,W,0],[0,W,0,0,0,0,0,A,N,0],[0,W,0,0,0,0,0,0,0,0],[0,W,0,0,0,0,0,0,0,0],[0,W,0,0,0,0,0,0,0,0],[0,0,0,0,0,0,0,0,0,0],[0,0,0,0,0,0,0,0,0,0],[0,0,0,0,0,0,0,0,0,0],[0,0,0,0,0,0,0,0,0,0]]
[[0,W,0,0,0,0,W,T,0,0],[0,W,0,0,0,0,W,W,W,N],[0,W,0,0,0,0,A,0,0,0],[0,W,0,0,0,0,0,0,0,0],[0,W,0,0,0,0,0,0,0,0],[0,W,0,0,0,0,0,0,0,0],[0,0,0,0,0,0,0,0,0,0],[0,0,0,0,0,0,0,0,0,0],[0,0,0,0,0,0,0,0,0,0],[0,0,0,0,0,0,0,0,0,0]]
[[0,W,0,0,0,0,W,T,N,0],[0,W,0,0,0,0,W,W,W,0],[0,W,0,0,0,A,0,0,0,0],[0,W,0,0,0,0,0,0,0,0],[0,W,0,0,0,0,0,0,0,0],[0,W,0,0,0,0,0,0,0,0],[0,0,0,0,0,0,0,0,0,0],[0,0,0,0,0,0,0,0,0,0],[0,0,0,0,0,0,0,0,0,0],[0,0,0,0,0,0,0,0,0,0]]
[[0,W,0,0,0,0,W,N,0,0],[0,W,0,0,0,0,W,W,W,0],[0,W,0,0,0,0,A,0,0,0],[0,W,0,0,0,0,0,0,0,0],[0,W,0,0,0,0,0,0,0,0],[0,W,0,0,0,0,0,0,0,0],[0,0,0,0,0,0,0,0,0,0],[0,0,0,0,0,0,0,0,0,0],[0,0,0,0,0,0,0,0,0,0],[0,0,0,0,0,0,0,0,0,0]]
